Value Iteration: Convergence Check: 1 vs 1.0101e-06
Value Iteration: Convergence Check: 0.794 vs 1.0101e-06
Value Iteration: Convergence Check: 0.704484 vs 1.0101e-06
Value Iteration: Convergence Check: 0.616679 vs 1.0101e-06
Value Iteration: Convergence Check: 0.54655 vs 1.0101e-06
Value Iteration: Convergence Check: 0.482828 vs 1.0101e-06
Value Iteration: Convergence Check: 0.427347 vs 1.0101e-06
Value Iteration: Convergence Check: 0.377693 vs 1.0101e-06
Value Iteration: Convergence Check: 0.333606 vs 1.0101e-06
Value Iteration: Convergence Check: 0.212058 vs 1.0101e-06
Value Iteration: Convergence Check: 0.185299 vs 1.0101e-06
Value Iteration: Convergence Check: 0.0907518 vs 1.0101e-06
Value Iteration: Convergence Check: 0.0731548 vs 1.0101e-06
Value Iteration: Convergence Check: 0.0336436 vs 1.0101e-06
Value Iteration: Convergence Check: 0.0253367 vs 1.0101e-06
Value Iteration: Convergence Check: 0.0112248 vs 1.0101e-06
Value Iteration: Convergence Check: 0.00838745 vs 1.0101e-06
Value Iteration: Convergence Check: 0.00371364 vs 1.0101e-06
Value Iteration: Convergence Check: 0.00268371 vs 1.0101e-06
Value Iteration: Convergence Check: 0.0011979 vs 1.0101e-06
Value Iteration: Convergence Check: 0.000841099 vs 1.0101e-06
Value Iteration: Convergence Check: 0.000377596 vs 1.0101e-06
Value Iteration: Convergence Check: 0.000260974 vs 1.0101e-06
Value Iteration: Convergence Check: 0.000118724 vs 1.0101e-06
Value Iteration: Convergence Check: 8.05968e-05 vs 1.0101e-06
Value Iteration: Convergence Check: 3.71834e-05 vs 1.0101e-06
Value Iteration: Convergence Check: 2.48328e-05 vs 1.0101e-06
Value Iteration: Convergence Check: 1.16088e-05 vs 1.0101e-06
Value Iteration: Convergence Check: 7.6421e-06 vs 1.0101e-06
Value Iteration: Convergence Check: 3.61683e-06 vs 1.0101e-06
Value Iteration: Convergence Check: 2.35046e-06 vs 1.0101e-06
Value Iteration: Convergence Check: 1.12528e-06 vs 1.0101e-06
Value Iteration: Convergence Check: 1 vs 1.0101e-06
Value Iteration: Convergence Check: 0.073 vs 1.0101e-06
Value Iteration: Convergence Check: 0.051876 vs 1.0101e-06
Value Iteration: Convergence Check: 0.0352052 vs 1.0101e-06
Value Iteration: Convergence Check: 0.029109 vs 1.0101e-06
Value Iteration: Convergence Check: 0.0288179 vs 1.0101e-06
Value Iteration: Convergence Check: 0.0285297 vs 1.0101e-06
Value Iteration: Convergence Check: 0.0282444 vs 1.0101e-06
Value Iteration: Convergence Check: 0.027962 vs 1.0101e-06
Value Iteration: Convergence Check: 0.0177414 vs 1.0101e-06
Value Iteration: Convergence Check: 0.0135524 vs 1.0101e-06
Value Iteration: Convergence Check: 0.00773002 vs 1.0101e-06
Value Iteration: Convergence Check: 0.00517793 vs 1.0101e-06
Value Iteration: Convergence Check: 0.00279447 vs 1.0101e-06
Value Iteration: Convergence Check: 0.0017644 vs 1.0101e-06
Value Iteration: Convergence Check: 0.000932506 vs 1.0101e-06
Value Iteration: Convergence Check: 0.00057164 vs 1.0101e-06
Value Iteration: Convergence Check: 0.000300071 vs 1.0101e-06
Value Iteration: Convergence Check: 0.000180887 vs 1.0101e-06
Value Iteration: Convergence Check: 9.48677e-05 vs 1.0101e-06
Value Iteration: Convergence Check: 5.65702e-05 vs 1.0101e-06
Value Iteration: Convergence Check: 2.97158e-05 vs 1.0101e-06
Value Iteration: Convergence Check: 1.75819e-05 vs 1.0101e-06
Value Iteration: Convergence Check: 9.26006e-06 vs 1.0101e-06
Value Iteration: Convergence Check: 5.44572e-06 vs 1.0101e-06
Value Iteration: Convergence Check: 2.87697e-06 vs 1.0101e-06
Value Iteration: Convergence Check: 1.68351e-06 vs 1.0101e-06
Computing Final Values: Convergence Check: 1 vs 1.0101e-06
Computing Final Values: Convergence Check: 0.794 vs 1.0101e-06
Computing Final Values: Convergence Check: 0.284049 vs 1.0101e-06
Computing Final Values: Convergence Check: 0.226448 vs 1.0101e-06
Computing Final Values: Convergence Check: 0.125398 vs 1.0101e-06
Computing Final Values: Convergence Check: 0.0573316 vs 1.0101e-06
Computing Final Values: Convergence Check: 0.023508 vs 1.0101e-06
Computing Final Values: Convergence Check: 0.00899342 vs 1.0101e-06
Computing Final Values: Convergence Check: 0.00327967 vs 1.0101e-06
Computing Final Values: Convergence Check: 0.00115571 vs 1.0101e-06
Computing Final Values: Convergence Check: 0.00039728 vs 1.0101e-06
Computing Final Values: Convergence Check: 0.00013414 vs 1.0101e-06
Computing Final Values: Convergence Check: 4.47112e-05 vs 1.0101e-06
Computing Final Values: Convergence Check: 1.47663e-05 vs 1.0101e-06
Computing Final Values: Convergence Check: 4.84493e-06 vs 1.0101e-06
Computing Final Values: Convergence Check: 1.58234e-06 vs 1.0101e-06
Computing Final Values: Convergence Check: 1 vs 1.0101e-06
Computing Final Values: Convergence Check: 0.163379 vs 1.0101e-06
Computing Final Values: Convergence Check: 0.120538 vs 1.0101e-06
Computing Final Values: Convergence Check: 0.0602586 vs 1.0101e-06
Computing Final Values: Convergence Check: 0.0247076 vs 1.0101e-06
Computing Final Values: Convergence Check: 0.00930999 vs 1.0101e-06
Computing Final Values: Convergence Check: 0.00338144 vs 1.0101e-06
Computing Final Values: Convergence Check: 0.00119694 vs 1.0101e-06
Computing Final Values: Convergence Check: 0.000414626 vs 1.0101e-06
Computing Final Values: Convergence Check: 0.000141079 vs 1.0101e-06
Computing Final Values: Convergence Check: 4.73302e-05 vs 1.0101e-06
Computing Final Values: Convergence Check: 1.57101e-05 vs 1.0101e-06
Computing Final Values: Convergence Check: 5.17391e-06 vs 1.0101e-06
Computing Final Values: Convergence Check: 1.6944e-06 vs 1.0101e-06
V[0]:
0.65861,0.695305,0.732876,0.702701,0,
0.700217,0.741854,0.788476,0.835318,0.8749,
0.741733,0.788476,0.836283,0.884651,0.928773,
0.783134,0.835318,0.884651,0.93423,0.983894,
0.789199,0.8749,0.928773,0.983894,0,
0.661131,0.695807,0.73296,0.702775,0,
0.703023,0.742162,0.78851,0.835322,0.8749,
0.744886,0.78851,0.836287,0.884651,0.928773,
0.786717,0.835322,0.884651,0.93423,0.983894,
0.822204,0.8749,0.928773,0.983894,0,


V[1]:
-0.204013,-0.240422,-0.2257,-0.24841,0,
-0.164159,-0.21197,-0.185992,-0.152159,-0.122872,
-0.122377,-0.185992,-0.151443,-0.115634,-0.0828843,
-0.078091,-0.152159,-0.115634,-0.0788326,-0.0419583,
-0.18652,-0.122872,-0.0828843,-0.0419583,0,
-0.28161,-0.255863,-0.228277,-0.250689,0,
-0.250506,-0.221445,-0.187031,-0.152274,-0.122886,
-0.219422,-0.187031,-0.151557,-0.115646,-0.0828858,
-0.188363,-0.152274,-0.115646,-0.078834,-0.0419584,
-0.162013,-0.122886,-0.0828858,-0.0419584,0,


c = 0
. . . . . . . 
. v v v < - .
. v v v v v .
. v > > v v .
. > > > > v .
. c > > > + .
. . . . . . . 
c = 1
. . . . . . . 
. v v v < - .
. v v v v v .
. v > > v v .
. > > > > v .
. > > > > + .
. . . . . . . 
