-0.0520432,-0.0233636,0.0112999,0.0500441,0.0931533,0.137186,0.10236,0
-0.0211896,0.00670231,0.0472358,0.0941082,0.147643,0.207763,0.270818,0.32067
0.0140478,0.0477197,0.0940096,0.147796,0.208992,0.277919,0.351749,0.413106
0.0534565,0.0944368,0.147796,0.209064,0.278719,0.357573,0.443828,0.519818
0.0974252,0.147672,0.208992,0.278719,0.357946,0.447977,0.548421,0.64318
0.146342,0.207766,0.277919,0.357573,0.447977,0.550562,0.666967,0.786023
0.199806,0.270818,0.351749,0.443828,0.548421,0.666967,0.800937,0.951741
0.240511,0.32067,0.413106,0.519818,0.64318,0.786023,0.951741,0